{
 "cells": [
  {
   "cell_type": "code",
   "execution_count": 88,
   "metadata": {},
   "outputs": [],
   "source": [
    "#IMPORTING LIBRARIES\n",
    "import pandas as pd\n",
    "import numpy as np\n",
    "import seaborn as sns\n",
    "import matplotlib.pyplot as plt\n",
    "%matplotlib inline\n",
    "from sklearn import preprocessing\n",
    "import seaborn as sns\n",
    "sns.set()\n",
    "from sklearn.model_selection import train_test_split\n",
    "from sklearn import metrics\n",
    "from numpy.random import normal\n",
    "from scipy.stats import norm\n",
    "import statsmodels.formula.api as smf\n",
    "\n",
    "pd.set_option('display.max_rows', 500)\n",
    "pd.set_option('display.max_columns', 500)\n",
    "pd.set_option('display.width', 1000)\n",
    "pd.set_option('display.float_format', lambda x: '%.3f' % x)"
   ]
  },
  {
   "cell_type": "code",
   "execution_count": 16,
   "metadata": {},
   "outputs": [],
   "source": [
    "#IMPORTING DATA, READ AND ANALYSE\n",
    "df = pd.read_csv('kc_house_data.csv')"
   ]
  },
  {
   "cell_type": "code",
   "execution_count": 28,
   "metadata": {},
   "outputs": [
    {
     "name": "stdout",
     "output_type": "stream",
     "text": [
      "<class 'pandas.core.frame.DataFrame'>\n",
      "RangeIndex: 21597 entries, 0 to 21596\n",
      "Data columns (total 21 columns):\n",
      "id               21597 non-null int64\n",
      "date             21597 non-null object\n",
      "price            21597 non-null float64\n",
      "bedrooms         21597 non-null int64\n",
      "bathrooms        21597 non-null float64\n",
      "sqft_living      21597 non-null int64\n",
      "sqft_lot         21597 non-null int64\n",
      "floors           21597 non-null float64\n",
      "waterfront       21597 non-null float64\n",
      "view             21597 non-null float64\n",
      "condition        21597 non-null int64\n",
      "grade            21597 non-null int64\n",
      "sqft_above       21597 non-null int64\n",
      "sqft_basement    21597 non-null object\n",
      "yr_built         21597 non-null int64\n",
      "yr_renovated     21597 non-null float64\n",
      "zipcode          21597 non-null int64\n",
      "lat              21597 non-null float64\n",
      "long             21597 non-null float64\n",
      "sqft_living15    21597 non-null int64\n",
      "sqft_lot15       21597 non-null int64\n",
      "dtypes: float64(8), int64(11), object(2)\n",
      "memory usage: 3.5+ MB\n"
     ]
    }
   ],
   "source": [
    "#data exploring\n",
    "df.info()"
   ]
  },
  {
   "cell_type": "code",
   "execution_count": 17,
   "metadata": {},
   "outputs": [
    {
     "data": {
      "text/html": [
       "<div>\n",
       "<style scoped>\n",
       "    .dataframe tbody tr th:only-of-type {\n",
       "        vertical-align: middle;\n",
       "    }\n",
       "\n",
       "    .dataframe tbody tr th {\n",
       "        vertical-align: top;\n",
       "    }\n",
       "\n",
       "    .dataframe thead th {\n",
       "        text-align: right;\n",
       "    }\n",
       "</style>\n",
       "<table border=\"1\" class=\"dataframe\">\n",
       "  <thead>\n",
       "    <tr style=\"text-align: right;\">\n",
       "      <th></th>\n",
       "      <th>id</th>\n",
       "      <th>date</th>\n",
       "      <th>price</th>\n",
       "      <th>bedrooms</th>\n",
       "      <th>bathrooms</th>\n",
       "      <th>sqft_living</th>\n",
       "      <th>sqft_lot</th>\n",
       "      <th>floors</th>\n",
       "      <th>waterfront</th>\n",
       "      <th>view</th>\n",
       "      <th>condition</th>\n",
       "      <th>grade</th>\n",
       "      <th>sqft_above</th>\n",
       "      <th>sqft_basement</th>\n",
       "      <th>yr_built</th>\n",
       "      <th>yr_renovated</th>\n",
       "      <th>zipcode</th>\n",
       "      <th>lat</th>\n",
       "      <th>long</th>\n",
       "      <th>sqft_living15</th>\n",
       "      <th>sqft_lot15</th>\n",
       "    </tr>\n",
       "  </thead>\n",
       "  <tbody>\n",
       "    <tr>\n",
       "      <th>0</th>\n",
       "      <td>7129300520</td>\n",
       "      <td>10/13/2014</td>\n",
       "      <td>221900.000</td>\n",
       "      <td>3</td>\n",
       "      <td>1.000</td>\n",
       "      <td>1180</td>\n",
       "      <td>5650</td>\n",
       "      <td>1.000</td>\n",
       "      <td>nan</td>\n",
       "      <td>0.000</td>\n",
       "      <td>3</td>\n",
       "      <td>7</td>\n",
       "      <td>1180</td>\n",
       "      <td>0.0</td>\n",
       "      <td>1955</td>\n",
       "      <td>0.000</td>\n",
       "      <td>98178</td>\n",
       "      <td>47.511</td>\n",
       "      <td>-122.257</td>\n",
       "      <td>1340</td>\n",
       "      <td>5650</td>\n",
       "    </tr>\n",
       "    <tr>\n",
       "      <th>1</th>\n",
       "      <td>6414100192</td>\n",
       "      <td>12/9/2014</td>\n",
       "      <td>538000.000</td>\n",
       "      <td>3</td>\n",
       "      <td>2.250</td>\n",
       "      <td>2570</td>\n",
       "      <td>7242</td>\n",
       "      <td>2.000</td>\n",
       "      <td>0.000</td>\n",
       "      <td>0.000</td>\n",
       "      <td>3</td>\n",
       "      <td>7</td>\n",
       "      <td>2170</td>\n",
       "      <td>400.0</td>\n",
       "      <td>1951</td>\n",
       "      <td>1991.000</td>\n",
       "      <td>98125</td>\n",
       "      <td>47.721</td>\n",
       "      <td>-122.319</td>\n",
       "      <td>1690</td>\n",
       "      <td>7639</td>\n",
       "    </tr>\n",
       "    <tr>\n",
       "      <th>2</th>\n",
       "      <td>5631500400</td>\n",
       "      <td>2/25/2015</td>\n",
       "      <td>180000.000</td>\n",
       "      <td>2</td>\n",
       "      <td>1.000</td>\n",
       "      <td>770</td>\n",
       "      <td>10000</td>\n",
       "      <td>1.000</td>\n",
       "      <td>0.000</td>\n",
       "      <td>0.000</td>\n",
       "      <td>3</td>\n",
       "      <td>6</td>\n",
       "      <td>770</td>\n",
       "      <td>0.0</td>\n",
       "      <td>1933</td>\n",
       "      <td>nan</td>\n",
       "      <td>98028</td>\n",
       "      <td>47.738</td>\n",
       "      <td>-122.233</td>\n",
       "      <td>2720</td>\n",
       "      <td>8062</td>\n",
       "    </tr>\n",
       "    <tr>\n",
       "      <th>3</th>\n",
       "      <td>2487200875</td>\n",
       "      <td>12/9/2014</td>\n",
       "      <td>604000.000</td>\n",
       "      <td>4</td>\n",
       "      <td>3.000</td>\n",
       "      <td>1960</td>\n",
       "      <td>5000</td>\n",
       "      <td>1.000</td>\n",
       "      <td>0.000</td>\n",
       "      <td>0.000</td>\n",
       "      <td>5</td>\n",
       "      <td>7</td>\n",
       "      <td>1050</td>\n",
       "      <td>910.0</td>\n",
       "      <td>1965</td>\n",
       "      <td>0.000</td>\n",
       "      <td>98136</td>\n",
       "      <td>47.521</td>\n",
       "      <td>-122.393</td>\n",
       "      <td>1360</td>\n",
       "      <td>5000</td>\n",
       "    </tr>\n",
       "    <tr>\n",
       "      <th>4</th>\n",
       "      <td>1954400510</td>\n",
       "      <td>2/18/2015</td>\n",
       "      <td>510000.000</td>\n",
       "      <td>3</td>\n",
       "      <td>2.000</td>\n",
       "      <td>1680</td>\n",
       "      <td>8080</td>\n",
       "      <td>1.000</td>\n",
       "      <td>0.000</td>\n",
       "      <td>0.000</td>\n",
       "      <td>3</td>\n",
       "      <td>8</td>\n",
       "      <td>1680</td>\n",
       "      <td>0.0</td>\n",
       "      <td>1987</td>\n",
       "      <td>0.000</td>\n",
       "      <td>98074</td>\n",
       "      <td>47.617</td>\n",
       "      <td>-122.045</td>\n",
       "      <td>1800</td>\n",
       "      <td>7503</td>\n",
       "    </tr>\n",
       "  </tbody>\n",
       "</table>\n",
       "</div>"
      ],
      "text/plain": [
       "           id        date      price  bedrooms  bathrooms  sqft_living  sqft_lot  floors  waterfront  view  condition  grade  sqft_above sqft_basement  yr_built  yr_renovated  zipcode    lat     long  sqft_living15  sqft_lot15\n",
       "0  7129300520  10/13/2014 221900.000         3      1.000         1180      5650   1.000         nan 0.000          3      7        1180           0.0      1955         0.000    98178 47.511 -122.257           1340        5650\n",
       "1  6414100192   12/9/2014 538000.000         3      2.250         2570      7242   2.000       0.000 0.000          3      7        2170         400.0      1951      1991.000    98125 47.721 -122.319           1690        7639\n",
       "2  5631500400   2/25/2015 180000.000         2      1.000          770     10000   1.000       0.000 0.000          3      6         770           0.0      1933           nan    98028 47.738 -122.233           2720        8062\n",
       "3  2487200875   12/9/2014 604000.000         4      3.000         1960      5000   1.000       0.000 0.000          5      7        1050         910.0      1965         0.000    98136 47.521 -122.393           1360        5000\n",
       "4  1954400510   2/18/2015 510000.000         3      2.000         1680      8080   1.000       0.000 0.000          3      8        1680           0.0      1987         0.000    98074 47.617 -122.045           1800        7503"
      ]
     },
     "execution_count": 17,
     "metadata": {},
     "output_type": "execute_result"
    }
   ],
   "source": [
    "df.head()"
   ]
  },
  {
   "cell_type": "code",
   "execution_count": 71,
   "metadata": {},
   "outputs": [
    {
     "data": {
      "text/html": [
       "<div>\n",
       "<style scoped>\n",
       "    .dataframe tbody tr th:only-of-type {\n",
       "        vertical-align: middle;\n",
       "    }\n",
       "\n",
       "    .dataframe tbody tr th {\n",
       "        vertical-align: top;\n",
       "    }\n",
       "\n",
       "    .dataframe thead th {\n",
       "        text-align: right;\n",
       "    }\n",
       "</style>\n",
       "<table border=\"1\" class=\"dataframe\">\n",
       "  <thead>\n",
       "    <tr style=\"text-align: right;\">\n",
       "      <th></th>\n",
       "      <th>id</th>\n",
       "      <th>date</th>\n",
       "      <th>price</th>\n",
       "      <th>bedrooms</th>\n",
       "      <th>bathrooms</th>\n",
       "      <th>sqft_living</th>\n",
       "      <th>sqft_lot</th>\n",
       "      <th>floors</th>\n",
       "      <th>waterfront</th>\n",
       "      <th>view</th>\n",
       "      <th>condition</th>\n",
       "      <th>grade</th>\n",
       "      <th>sqft_above</th>\n",
       "      <th>sqft_basement</th>\n",
       "      <th>yr_built</th>\n",
       "      <th>yr_renovated</th>\n",
       "      <th>zipcode</th>\n",
       "      <th>lat</th>\n",
       "      <th>long</th>\n",
       "      <th>sqft_living15</th>\n",
       "      <th>sqft_lot15</th>\n",
       "    </tr>\n",
       "  </thead>\n",
       "  <tbody>\n",
       "    <tr>\n",
       "      <th>21592</th>\n",
       "      <td>263000018</td>\n",
       "      <td>5/21/2014</td>\n",
       "      <td>360000.000</td>\n",
       "      <td>3</td>\n",
       "      <td>2.500</td>\n",
       "      <td>1530</td>\n",
       "      <td>1131</td>\n",
       "      <td>3.000</td>\n",
       "      <td>0.000</td>\n",
       "      <td>0.000</td>\n",
       "      <td>3</td>\n",
       "      <td>8</td>\n",
       "      <td>1530</td>\n",
       "      <td>0.000</td>\n",
       "      <td>2009</td>\n",
       "      <td>0.000</td>\n",
       "      <td>98103</td>\n",
       "      <td>47.699</td>\n",
       "      <td>-122.346</td>\n",
       "      <td>1530</td>\n",
       "      <td>1509</td>\n",
       "    </tr>\n",
       "    <tr>\n",
       "      <th>21593</th>\n",
       "      <td>6600060120</td>\n",
       "      <td>2/23/2015</td>\n",
       "      <td>400000.000</td>\n",
       "      <td>4</td>\n",
       "      <td>2.500</td>\n",
       "      <td>2310</td>\n",
       "      <td>5813</td>\n",
       "      <td>2.000</td>\n",
       "      <td>0.000</td>\n",
       "      <td>0.000</td>\n",
       "      <td>3</td>\n",
       "      <td>8</td>\n",
       "      <td>2310</td>\n",
       "      <td>0.000</td>\n",
       "      <td>2014</td>\n",
       "      <td>0.000</td>\n",
       "      <td>98146</td>\n",
       "      <td>47.511</td>\n",
       "      <td>-122.362</td>\n",
       "      <td>1830</td>\n",
       "      <td>7200</td>\n",
       "    </tr>\n",
       "    <tr>\n",
       "      <th>21594</th>\n",
       "      <td>1523300141</td>\n",
       "      <td>6/23/2014</td>\n",
       "      <td>402101.000</td>\n",
       "      <td>2</td>\n",
       "      <td>0.750</td>\n",
       "      <td>1020</td>\n",
       "      <td>1350</td>\n",
       "      <td>2.000</td>\n",
       "      <td>0.000</td>\n",
       "      <td>0.000</td>\n",
       "      <td>3</td>\n",
       "      <td>7</td>\n",
       "      <td>1020</td>\n",
       "      <td>0.000</td>\n",
       "      <td>2009</td>\n",
       "      <td>0.000</td>\n",
       "      <td>98144</td>\n",
       "      <td>47.594</td>\n",
       "      <td>-122.299</td>\n",
       "      <td>1020</td>\n",
       "      <td>2007</td>\n",
       "    </tr>\n",
       "    <tr>\n",
       "      <th>21595</th>\n",
       "      <td>291310100</td>\n",
       "      <td>1/16/2015</td>\n",
       "      <td>400000.000</td>\n",
       "      <td>3</td>\n",
       "      <td>2.500</td>\n",
       "      <td>1600</td>\n",
       "      <td>2388</td>\n",
       "      <td>2.000</td>\n",
       "      <td>0.000</td>\n",
       "      <td>0.000</td>\n",
       "      <td>3</td>\n",
       "      <td>8</td>\n",
       "      <td>1600</td>\n",
       "      <td>0.000</td>\n",
       "      <td>2004</td>\n",
       "      <td>0.000</td>\n",
       "      <td>98027</td>\n",
       "      <td>47.535</td>\n",
       "      <td>-122.069</td>\n",
       "      <td>1410</td>\n",
       "      <td>1287</td>\n",
       "    </tr>\n",
       "    <tr>\n",
       "      <th>21596</th>\n",
       "      <td>1523300157</td>\n",
       "      <td>10/15/2014</td>\n",
       "      <td>325000.000</td>\n",
       "      <td>2</td>\n",
       "      <td>0.750</td>\n",
       "      <td>1020</td>\n",
       "      <td>1076</td>\n",
       "      <td>2.000</td>\n",
       "      <td>0.000</td>\n",
       "      <td>0.000</td>\n",
       "      <td>3</td>\n",
       "      <td>7</td>\n",
       "      <td>1020</td>\n",
       "      <td>0.000</td>\n",
       "      <td>2008</td>\n",
       "      <td>0.000</td>\n",
       "      <td>98144</td>\n",
       "      <td>47.594</td>\n",
       "      <td>-122.299</td>\n",
       "      <td>1020</td>\n",
       "      <td>1357</td>\n",
       "    </tr>\n",
       "  </tbody>\n",
       "</table>\n",
       "</div>"
      ],
      "text/plain": [
       "               id        date      price  bedrooms  bathrooms  sqft_living  sqft_lot  floors  waterfront  view  condition  grade  sqft_above  sqft_basement  yr_built  yr_renovated  zipcode    lat     long  sqft_living15  sqft_lot15\n",
       "21592   263000018   5/21/2014 360000.000         3      2.500         1530      1131   3.000       0.000 0.000          3      8        1530          0.000      2009         0.000    98103 47.699 -122.346           1530        1509\n",
       "21593  6600060120   2/23/2015 400000.000         4      2.500         2310      5813   2.000       0.000 0.000          3      8        2310          0.000      2014         0.000    98146 47.511 -122.362           1830        7200\n",
       "21594  1523300141   6/23/2014 402101.000         2      0.750         1020      1350   2.000       0.000 0.000          3      7        1020          0.000      2009         0.000    98144 47.594 -122.299           1020        2007\n",
       "21595   291310100   1/16/2015 400000.000         3      2.500         1600      2388   2.000       0.000 0.000          3      8        1600          0.000      2004         0.000    98027 47.535 -122.069           1410        1287\n",
       "21596  1523300157  10/15/2014 325000.000         2      0.750         1020      1076   2.000       0.000 0.000          3      7        1020          0.000      2008         0.000    98144 47.594 -122.299           1020        1357"
      ]
     },
     "execution_count": 71,
     "metadata": {},
     "output_type": "execute_result"
    }
   ],
   "source": [
    "df.tail()"
   ]
  },
  {
   "cell_type": "code",
   "execution_count": 29,
   "metadata": {},
   "outputs": [
    {
     "data": {
      "text/html": [
       "<div>\n",
       "<style scoped>\n",
       "    .dataframe tbody tr th:only-of-type {\n",
       "        vertical-align: middle;\n",
       "    }\n",
       "\n",
       "    .dataframe tbody tr th {\n",
       "        vertical-align: top;\n",
       "    }\n",
       "\n",
       "    .dataframe thead th {\n",
       "        text-align: right;\n",
       "    }\n",
       "</style>\n",
       "<table border=\"1\" class=\"dataframe\">\n",
       "  <thead>\n",
       "    <tr style=\"text-align: right;\">\n",
       "      <th></th>\n",
       "      <th>id</th>\n",
       "      <th>price</th>\n",
       "      <th>bedrooms</th>\n",
       "      <th>bathrooms</th>\n",
       "      <th>sqft_living</th>\n",
       "      <th>sqft_lot</th>\n",
       "      <th>floors</th>\n",
       "      <th>waterfront</th>\n",
       "      <th>view</th>\n",
       "      <th>condition</th>\n",
       "      <th>grade</th>\n",
       "      <th>sqft_above</th>\n",
       "      <th>yr_built</th>\n",
       "      <th>yr_renovated</th>\n",
       "      <th>zipcode</th>\n",
       "      <th>lat</th>\n",
       "      <th>long</th>\n",
       "      <th>sqft_living15</th>\n",
       "      <th>sqft_lot15</th>\n",
       "    </tr>\n",
       "  </thead>\n",
       "  <tbody>\n",
       "    <tr>\n",
       "      <th>id</th>\n",
       "      <td>1.000</td>\n",
       "      <td>-0.017</td>\n",
       "      <td>0.001</td>\n",
       "      <td>0.005</td>\n",
       "      <td>-0.012</td>\n",
       "      <td>-0.132</td>\n",
       "      <td>0.019</td>\n",
       "      <td>-0.004</td>\n",
       "      <td>0.012</td>\n",
       "      <td>-0.024</td>\n",
       "      <td>0.008</td>\n",
       "      <td>-0.011</td>\n",
       "      <td>0.022</td>\n",
       "      <td>-0.011</td>\n",
       "      <td>-0.008</td>\n",
       "      <td>-0.002</td>\n",
       "      <td>0.021</td>\n",
       "      <td>-0.003</td>\n",
       "      <td>-0.139</td>\n",
       "    </tr>\n",
       "    <tr>\n",
       "      <th>price</th>\n",
       "      <td>-0.017</td>\n",
       "      <td>1.000</td>\n",
       "      <td>0.309</td>\n",
       "      <td>0.526</td>\n",
       "      <td>0.702</td>\n",
       "      <td>0.090</td>\n",
       "      <td>0.257</td>\n",
       "      <td>0.264</td>\n",
       "      <td>0.393</td>\n",
       "      <td>0.036</td>\n",
       "      <td>0.668</td>\n",
       "      <td>0.605</td>\n",
       "      <td>0.054</td>\n",
       "      <td>0.118</td>\n",
       "      <td>-0.053</td>\n",
       "      <td>0.307</td>\n",
       "      <td>0.022</td>\n",
       "      <td>0.585</td>\n",
       "      <td>0.083</td>\n",
       "    </tr>\n",
       "    <tr>\n",
       "      <th>bedrooms</th>\n",
       "      <td>0.001</td>\n",
       "      <td>0.309</td>\n",
       "      <td>1.000</td>\n",
       "      <td>0.515</td>\n",
       "      <td>0.578</td>\n",
       "      <td>0.032</td>\n",
       "      <td>0.178</td>\n",
       "      <td>-0.002</td>\n",
       "      <td>0.078</td>\n",
       "      <td>0.026</td>\n",
       "      <td>0.357</td>\n",
       "      <td>0.479</td>\n",
       "      <td>0.156</td>\n",
       "      <td>0.018</td>\n",
       "      <td>-0.154</td>\n",
       "      <td>-0.010</td>\n",
       "      <td>0.132</td>\n",
       "      <td>0.393</td>\n",
       "      <td>0.031</td>\n",
       "    </tr>\n",
       "    <tr>\n",
       "      <th>bathrooms</th>\n",
       "      <td>0.005</td>\n",
       "      <td>0.526</td>\n",
       "      <td>0.515</td>\n",
       "      <td>1.000</td>\n",
       "      <td>0.756</td>\n",
       "      <td>0.088</td>\n",
       "      <td>0.503</td>\n",
       "      <td>0.064</td>\n",
       "      <td>0.186</td>\n",
       "      <td>-0.126</td>\n",
       "      <td>0.666</td>\n",
       "      <td>0.687</td>\n",
       "      <td>0.507</td>\n",
       "      <td>0.047</td>\n",
       "      <td>-0.205</td>\n",
       "      <td>0.024</td>\n",
       "      <td>0.225</td>\n",
       "      <td>0.570</td>\n",
       "      <td>0.088</td>\n",
       "    </tr>\n",
       "    <tr>\n",
       "      <th>sqft_living</th>\n",
       "      <td>-0.012</td>\n",
       "      <td>0.702</td>\n",
       "      <td>0.578</td>\n",
       "      <td>0.756</td>\n",
       "      <td>1.000</td>\n",
       "      <td>0.173</td>\n",
       "      <td>0.354</td>\n",
       "      <td>0.105</td>\n",
       "      <td>0.282</td>\n",
       "      <td>-0.059</td>\n",
       "      <td>0.763</td>\n",
       "      <td>0.876</td>\n",
       "      <td>0.318</td>\n",
       "      <td>0.051</td>\n",
       "      <td>-0.200</td>\n",
       "      <td>0.052</td>\n",
       "      <td>0.241</td>\n",
       "      <td>0.756</td>\n",
       "      <td>0.184</td>\n",
       "    </tr>\n",
       "    <tr>\n",
       "      <th>sqft_lot</th>\n",
       "      <td>-0.132</td>\n",
       "      <td>0.090</td>\n",
       "      <td>0.032</td>\n",
       "      <td>0.088</td>\n",
       "      <td>0.173</td>\n",
       "      <td>1.000</td>\n",
       "      <td>-0.005</td>\n",
       "      <td>0.021</td>\n",
       "      <td>0.075</td>\n",
       "      <td>-0.009</td>\n",
       "      <td>0.115</td>\n",
       "      <td>0.184</td>\n",
       "      <td>0.053</td>\n",
       "      <td>0.005</td>\n",
       "      <td>-0.130</td>\n",
       "      <td>-0.086</td>\n",
       "      <td>0.230</td>\n",
       "      <td>0.145</td>\n",
       "      <td>0.718</td>\n",
       "    </tr>\n",
       "    <tr>\n",
       "      <th>floors</th>\n",
       "      <td>0.019</td>\n",
       "      <td>0.257</td>\n",
       "      <td>0.178</td>\n",
       "      <td>0.503</td>\n",
       "      <td>0.354</td>\n",
       "      <td>-0.005</td>\n",
       "      <td>1.000</td>\n",
       "      <td>0.021</td>\n",
       "      <td>0.028</td>\n",
       "      <td>-0.264</td>\n",
       "      <td>0.459</td>\n",
       "      <td>0.524</td>\n",
       "      <td>0.489</td>\n",
       "      <td>0.004</td>\n",
       "      <td>-0.060</td>\n",
       "      <td>0.049</td>\n",
       "      <td>0.126</td>\n",
       "      <td>0.280</td>\n",
       "      <td>-0.011</td>\n",
       "    </tr>\n",
       "    <tr>\n",
       "      <th>waterfront</th>\n",
       "      <td>-0.004</td>\n",
       "      <td>0.264</td>\n",
       "      <td>-0.002</td>\n",
       "      <td>0.064</td>\n",
       "      <td>0.105</td>\n",
       "      <td>0.021</td>\n",
       "      <td>0.021</td>\n",
       "      <td>1.000</td>\n",
       "      <td>0.381</td>\n",
       "      <td>0.017</td>\n",
       "      <td>0.083</td>\n",
       "      <td>0.072</td>\n",
       "      <td>-0.024</td>\n",
       "      <td>0.074</td>\n",
       "      <td>0.029</td>\n",
       "      <td>-0.012</td>\n",
       "      <td>-0.038</td>\n",
       "      <td>0.084</td>\n",
       "      <td>0.031</td>\n",
       "    </tr>\n",
       "    <tr>\n",
       "      <th>view</th>\n",
       "      <td>0.012</td>\n",
       "      <td>0.393</td>\n",
       "      <td>0.078</td>\n",
       "      <td>0.186</td>\n",
       "      <td>0.282</td>\n",
       "      <td>0.075</td>\n",
       "      <td>0.028</td>\n",
       "      <td>0.381</td>\n",
       "      <td>1.000</td>\n",
       "      <td>0.046</td>\n",
       "      <td>0.249</td>\n",
       "      <td>0.166</td>\n",
       "      <td>-0.054</td>\n",
       "      <td>0.090</td>\n",
       "      <td>0.085</td>\n",
       "      <td>0.006</td>\n",
       "      <td>-0.078</td>\n",
       "      <td>0.279</td>\n",
       "      <td>0.073</td>\n",
       "    </tr>\n",
       "    <tr>\n",
       "      <th>condition</th>\n",
       "      <td>-0.024</td>\n",
       "      <td>0.036</td>\n",
       "      <td>0.026</td>\n",
       "      <td>-0.126</td>\n",
       "      <td>-0.059</td>\n",
       "      <td>-0.009</td>\n",
       "      <td>-0.264</td>\n",
       "      <td>0.017</td>\n",
       "      <td>0.046</td>\n",
       "      <td>1.000</td>\n",
       "      <td>-0.147</td>\n",
       "      <td>-0.159</td>\n",
       "      <td>-0.362</td>\n",
       "      <td>-0.056</td>\n",
       "      <td>0.003</td>\n",
       "      <td>-0.015</td>\n",
       "      <td>-0.106</td>\n",
       "      <td>-0.093</td>\n",
       "      <td>-0.003</td>\n",
       "    </tr>\n",
       "    <tr>\n",
       "      <th>grade</th>\n",
       "      <td>0.008</td>\n",
       "      <td>0.668</td>\n",
       "      <td>0.357</td>\n",
       "      <td>0.666</td>\n",
       "      <td>0.763</td>\n",
       "      <td>0.115</td>\n",
       "      <td>0.459</td>\n",
       "      <td>0.083</td>\n",
       "      <td>0.249</td>\n",
       "      <td>-0.147</td>\n",
       "      <td>1.000</td>\n",
       "      <td>0.756</td>\n",
       "      <td>0.448</td>\n",
       "      <td>0.016</td>\n",
       "      <td>-0.186</td>\n",
       "      <td>0.114</td>\n",
       "      <td>0.200</td>\n",
       "      <td>0.714</td>\n",
       "      <td>0.121</td>\n",
       "    </tr>\n",
       "    <tr>\n",
       "      <th>sqft_above</th>\n",
       "      <td>-0.011</td>\n",
       "      <td>0.605</td>\n",
       "      <td>0.479</td>\n",
       "      <td>0.687</td>\n",
       "      <td>0.876</td>\n",
       "      <td>0.184</td>\n",
       "      <td>0.524</td>\n",
       "      <td>0.072</td>\n",
       "      <td>0.166</td>\n",
       "      <td>-0.159</td>\n",
       "      <td>0.756</td>\n",
       "      <td>1.000</td>\n",
       "      <td>0.424</td>\n",
       "      <td>0.021</td>\n",
       "      <td>-0.262</td>\n",
       "      <td>-0.001</td>\n",
       "      <td>0.345</td>\n",
       "      <td>0.732</td>\n",
       "      <td>0.195</td>\n",
       "    </tr>\n",
       "    <tr>\n",
       "      <th>yr_built</th>\n",
       "      <td>0.022</td>\n",
       "      <td>0.054</td>\n",
       "      <td>0.156</td>\n",
       "      <td>0.507</td>\n",
       "      <td>0.318</td>\n",
       "      <td>0.053</td>\n",
       "      <td>0.489</td>\n",
       "      <td>-0.024</td>\n",
       "      <td>-0.054</td>\n",
       "      <td>-0.362</td>\n",
       "      <td>0.448</td>\n",
       "      <td>0.424</td>\n",
       "      <td>1.000</td>\n",
       "      <td>-0.203</td>\n",
       "      <td>-0.347</td>\n",
       "      <td>-0.148</td>\n",
       "      <td>0.410</td>\n",
       "      <td>0.326</td>\n",
       "      <td>0.071</td>\n",
       "    </tr>\n",
       "    <tr>\n",
       "      <th>yr_renovated</th>\n",
       "      <td>-0.011</td>\n",
       "      <td>0.118</td>\n",
       "      <td>0.018</td>\n",
       "      <td>0.047</td>\n",
       "      <td>0.051</td>\n",
       "      <td>0.005</td>\n",
       "      <td>0.004</td>\n",
       "      <td>0.074</td>\n",
       "      <td>0.090</td>\n",
       "      <td>-0.056</td>\n",
       "      <td>0.016</td>\n",
       "      <td>0.021</td>\n",
       "      <td>-0.203</td>\n",
       "      <td>1.000</td>\n",
       "      <td>0.062</td>\n",
       "      <td>0.028</td>\n",
       "      <td>-0.065</td>\n",
       "      <td>0.001</td>\n",
       "      <td>0.004</td>\n",
       "    </tr>\n",
       "    <tr>\n",
       "      <th>zipcode</th>\n",
       "      <td>-0.008</td>\n",
       "      <td>-0.053</td>\n",
       "      <td>-0.154</td>\n",
       "      <td>-0.205</td>\n",
       "      <td>-0.200</td>\n",
       "      <td>-0.130</td>\n",
       "      <td>-0.060</td>\n",
       "      <td>0.029</td>\n",
       "      <td>0.085</td>\n",
       "      <td>0.003</td>\n",
       "      <td>-0.186</td>\n",
       "      <td>-0.262</td>\n",
       "      <td>-0.347</td>\n",
       "      <td>0.062</td>\n",
       "      <td>1.000</td>\n",
       "      <td>0.267</td>\n",
       "      <td>-0.564</td>\n",
       "      <td>-0.279</td>\n",
       "      <td>-0.147</td>\n",
       "    </tr>\n",
       "    <tr>\n",
       "      <th>lat</th>\n",
       "      <td>-0.002</td>\n",
       "      <td>0.307</td>\n",
       "      <td>-0.010</td>\n",
       "      <td>0.024</td>\n",
       "      <td>0.052</td>\n",
       "      <td>-0.086</td>\n",
       "      <td>0.049</td>\n",
       "      <td>-0.012</td>\n",
       "      <td>0.006</td>\n",
       "      <td>-0.015</td>\n",
       "      <td>0.114</td>\n",
       "      <td>-0.001</td>\n",
       "      <td>-0.148</td>\n",
       "      <td>0.028</td>\n",
       "      <td>0.267</td>\n",
       "      <td>1.000</td>\n",
       "      <td>-0.135</td>\n",
       "      <td>0.049</td>\n",
       "      <td>-0.086</td>\n",
       "    </tr>\n",
       "    <tr>\n",
       "      <th>long</th>\n",
       "      <td>0.021</td>\n",
       "      <td>0.022</td>\n",
       "      <td>0.132</td>\n",
       "      <td>0.225</td>\n",
       "      <td>0.241</td>\n",
       "      <td>0.230</td>\n",
       "      <td>0.126</td>\n",
       "      <td>-0.038</td>\n",
       "      <td>-0.078</td>\n",
       "      <td>-0.106</td>\n",
       "      <td>0.200</td>\n",
       "      <td>0.345</td>\n",
       "      <td>0.410</td>\n",
       "      <td>-0.065</td>\n",
       "      <td>-0.564</td>\n",
       "      <td>-0.135</td>\n",
       "      <td>1.000</td>\n",
       "      <td>0.336</td>\n",
       "      <td>0.256</td>\n",
       "    </tr>\n",
       "    <tr>\n",
       "      <th>sqft_living15</th>\n",
       "      <td>-0.003</td>\n",
       "      <td>0.585</td>\n",
       "      <td>0.393</td>\n",
       "      <td>0.570</td>\n",
       "      <td>0.756</td>\n",
       "      <td>0.145</td>\n",
       "      <td>0.280</td>\n",
       "      <td>0.084</td>\n",
       "      <td>0.279</td>\n",
       "      <td>-0.093</td>\n",
       "      <td>0.714</td>\n",
       "      <td>0.732</td>\n",
       "      <td>0.326</td>\n",
       "      <td>0.001</td>\n",
       "      <td>-0.279</td>\n",
       "      <td>0.049</td>\n",
       "      <td>0.336</td>\n",
       "      <td>1.000</td>\n",
       "      <td>0.184</td>\n",
       "    </tr>\n",
       "    <tr>\n",
       "      <th>sqft_lot15</th>\n",
       "      <td>-0.139</td>\n",
       "      <td>0.083</td>\n",
       "      <td>0.031</td>\n",
       "      <td>0.088</td>\n",
       "      <td>0.184</td>\n",
       "      <td>0.718</td>\n",
       "      <td>-0.011</td>\n",
       "      <td>0.031</td>\n",
       "      <td>0.073</td>\n",
       "      <td>-0.003</td>\n",
       "      <td>0.121</td>\n",
       "      <td>0.195</td>\n",
       "      <td>0.071</td>\n",
       "      <td>0.004</td>\n",
       "      <td>-0.147</td>\n",
       "      <td>-0.086</td>\n",
       "      <td>0.256</td>\n",
       "      <td>0.184</td>\n",
       "      <td>1.000</td>\n",
       "    </tr>\n",
       "  </tbody>\n",
       "</table>\n",
       "</div>"
      ],
      "text/plain": [
       "                  id  price  bedrooms  bathrooms  sqft_living  sqft_lot  floors  waterfront   view  condition  grade  sqft_above  yr_built  yr_renovated  zipcode    lat   long  sqft_living15  sqft_lot15\n",
       "id             1.000 -0.017     0.001      0.005       -0.012    -0.132   0.019      -0.004  0.012     -0.024  0.008      -0.011     0.022        -0.011   -0.008 -0.002  0.021         -0.003      -0.139\n",
       "price         -0.017  1.000     0.309      0.526        0.702     0.090   0.257       0.264  0.393      0.036  0.668       0.605     0.054         0.118   -0.053  0.307  0.022          0.585       0.083\n",
       "bedrooms       0.001  0.309     1.000      0.515        0.578     0.032   0.178      -0.002  0.078      0.026  0.357       0.479     0.156         0.018   -0.154 -0.010  0.132          0.393       0.031\n",
       "bathrooms      0.005  0.526     0.515      1.000        0.756     0.088   0.503       0.064  0.186     -0.126  0.666       0.687     0.507         0.047   -0.205  0.024  0.225          0.570       0.088\n",
       "sqft_living   -0.012  0.702     0.578      0.756        1.000     0.173   0.354       0.105  0.282     -0.059  0.763       0.876     0.318         0.051   -0.200  0.052  0.241          0.756       0.184\n",
       "sqft_lot      -0.132  0.090     0.032      0.088        0.173     1.000  -0.005       0.021  0.075     -0.009  0.115       0.184     0.053         0.005   -0.130 -0.086  0.230          0.145       0.718\n",
       "floors         0.019  0.257     0.178      0.503        0.354    -0.005   1.000       0.021  0.028     -0.264  0.459       0.524     0.489         0.004   -0.060  0.049  0.126          0.280      -0.011\n",
       "waterfront    -0.004  0.264    -0.002      0.064        0.105     0.021   0.021       1.000  0.381      0.017  0.083       0.072    -0.024         0.074    0.029 -0.012 -0.038          0.084       0.031\n",
       "view           0.012  0.393     0.078      0.186        0.282     0.075   0.028       0.381  1.000      0.046  0.249       0.166    -0.054         0.090    0.085  0.006 -0.078          0.279       0.073\n",
       "condition     -0.024  0.036     0.026     -0.126       -0.059    -0.009  -0.264       0.017  0.046      1.000 -0.147      -0.159    -0.362        -0.056    0.003 -0.015 -0.106         -0.093      -0.003\n",
       "grade          0.008  0.668     0.357      0.666        0.763     0.115   0.459       0.083  0.249     -0.147  1.000       0.756     0.448         0.016   -0.186  0.114  0.200          0.714       0.121\n",
       "sqft_above    -0.011  0.605     0.479      0.687        0.876     0.184   0.524       0.072  0.166     -0.159  0.756       1.000     0.424         0.021   -0.262 -0.001  0.345          0.732       0.195\n",
       "yr_built       0.022  0.054     0.156      0.507        0.318     0.053   0.489      -0.024 -0.054     -0.362  0.448       0.424     1.000        -0.203   -0.347 -0.148  0.410          0.326       0.071\n",
       "yr_renovated  -0.011  0.118     0.018      0.047        0.051     0.005   0.004       0.074  0.090     -0.056  0.016       0.021    -0.203         1.000    0.062  0.028 -0.065          0.001       0.004\n",
       "zipcode       -0.008 -0.053    -0.154     -0.205       -0.200    -0.130  -0.060       0.029  0.085      0.003 -0.186      -0.262    -0.347         0.062    1.000  0.267 -0.564         -0.279      -0.147\n",
       "lat           -0.002  0.307    -0.010      0.024        0.052    -0.086   0.049      -0.012  0.006     -0.015  0.114      -0.001    -0.148         0.028    0.267  1.000 -0.135          0.049      -0.086\n",
       "long           0.021  0.022     0.132      0.225        0.241     0.230   0.126      -0.038 -0.078     -0.106  0.200       0.345     0.410        -0.065   -0.564 -0.135  1.000          0.336       0.256\n",
       "sqft_living15 -0.003  0.585     0.393      0.570        0.756     0.145   0.280       0.084  0.279     -0.093  0.714       0.732     0.326         0.001   -0.279  0.049  0.336          1.000       0.184\n",
       "sqft_lot15    -0.139  0.083     0.031      0.088        0.184     0.718  -0.011       0.031  0.073     -0.003  0.121       0.195     0.071         0.004   -0.147 -0.086  0.256          0.184       1.000"
      ]
     },
     "execution_count": 29,
     "metadata": {},
     "output_type": "execute_result"
    }
   ],
   "source": [
    "df.corr()  # Correlation"
   ]
  },
  {
   "cell_type": "code",
   "execution_count": 18,
   "metadata": {},
   "outputs": [
    {
     "data": {
      "text/plain": [
       "id                  0\n",
       "date                0\n",
       "price               0\n",
       "bedrooms            0\n",
       "bathrooms           0\n",
       "sqft_living         0\n",
       "sqft_lot            0\n",
       "floors              0\n",
       "waterfront       2376\n",
       "view               63\n",
       "condition           0\n",
       "grade               0\n",
       "sqft_above          0\n",
       "sqft_basement       0\n",
       "yr_built            0\n",
       "yr_renovated     3842\n",
       "zipcode             0\n",
       "lat                 0\n",
       "long                0\n",
       "sqft_living15       0\n",
       "sqft_lot15          0\n",
       "dtype: int64"
      ]
     },
     "execution_count": 18,
     "metadata": {},
     "output_type": "execute_result"
    }
   ],
   "source": [
    "#DATA CLEANING\n",
    "df[df.columns].isnull().sum() # Count of Null Values in each column"
   ]
  },
  {
   "cell_type": "code",
   "execution_count": 21,
   "metadata": {},
   "outputs": [],
   "source": [
    "df['view'].fillna(df['view'].mode().values[0],inplace=True) "
   ]
  },
  {
   "cell_type": "code",
   "execution_count": 22,
   "metadata": {},
   "outputs": [
    {
     "data": {
      "text/plain": [
       "0.000    19075\n",
       "1.000      146\n",
       "Name: waterfront, dtype: int64"
      ]
     },
     "execution_count": 22,
     "metadata": {},
     "output_type": "execute_result"
    }
   ],
   "source": [
    "df['waterfront'].value_counts()"
   ]
  },
  {
   "cell_type": "code",
   "execution_count": 23,
   "metadata": {},
   "outputs": [],
   "source": [
    "df['waterfront'].fillna(df['waterfront'].mode()[0],inplace=True)"
   ]
  },
  {
   "cell_type": "code",
   "execution_count": 24,
   "metadata": {},
   "outputs": [
    {
     "data": {
      "text/plain": [
       "0.000       17011\n",
       "2014.000       73\n",
       "2003.000       31\n",
       "2013.000       31\n",
       "2007.000       30\n",
       "2000.000       29\n",
       "2005.000       29\n",
       "1990.000       22\n",
       "2004.000       22\n",
       "2009.000       21\n",
       "Name: yr_renovated, dtype: int64"
      ]
     },
     "execution_count": 24,
     "metadata": {},
     "output_type": "execute_result"
    }
   ],
   "source": [
    "df['yr_renovated'].value_counts().iloc[:10] # Showing value counts for first 10"
   ]
  },
  {
   "cell_type": "code",
   "execution_count": 25,
   "metadata": {},
   "outputs": [],
   "source": [
    "df['yr_renovated'].fillna(0,inplace=True)"
   ]
  },
  {
   "cell_type": "code",
   "execution_count": 26,
   "metadata": {},
   "outputs": [
    {
     "data": {
      "text/plain": [
       "id               0\n",
       "date             0\n",
       "price            0\n",
       "bedrooms         0\n",
       "bathrooms        0\n",
       "sqft_living      0\n",
       "sqft_lot         0\n",
       "floors           0\n",
       "waterfront       0\n",
       "view             0\n",
       "condition        0\n",
       "grade            0\n",
       "sqft_above       0\n",
       "sqft_basement    0\n",
       "yr_built         0\n",
       "yr_renovated     0\n",
       "zipcode          0\n",
       "lat              0\n",
       "long             0\n",
       "sqft_living15    0\n",
       "sqft_lot15       0\n",
       "dtype: int64"
      ]
     },
     "execution_count": 26,
     "metadata": {},
     "output_type": "execute_result"
    }
   ],
   "source": [
    "df[df.columns].isnull().sum() # Count of Null Values in each column"
   ]
  },
  {
   "cell_type": "code",
   "execution_count": 72,
   "metadata": {},
   "outputs": [],
   "source": [
